  1015 111
e 622 001
a 422 1011
n 393 1001
t 390 1000
i 387 0111
o 354 0110
s 346 0101
r 277 0000
h 264 11010
l 177 01001
d 159 00011
u 154 00010
c 146 110111
p 120 110011
g 110 110001
f 103 101011
m 102 101010
y 96 101000
. 59 1100101
w 58 1100100
v 54 1100000
, 53 1010011
b 43 0100011
k 38 0100001
\n 32 11011010
T 30 11011000
" 26 11000010
C 24 10100101
z 21 01000101
S 15 110000111
' 11 101001000
I 10 010000011
W 9 010000001
H 9 1101101111
D 9 1101101110
M 9 010000000
F 8 1101100101
j 8 1101100111
L 8 1101100110
- 7 1100001100
A 7 1100001101
q 6 1010010010
) 5 0100010000
P 5 0100010010
B 5 0100010001
( 5 0100000101
x 5 0100010011
N 4 11011011000
: 4 11011001001
J 3 10100100110
V 3 10100100111
; 2 110110010001
E 2 110110110010
Z 2 110110110100
Y 2 110110110011
8 1 1101101101111
0 1 1101101101010
R 1 010000010010
3 1 1101101101100
7 1 1101101101110
6 1 1101101101101
U 1 010000010011
1 1 1101101101011
9 1 010000010000
K 1 010000010001
X 1 110110010000
